Area,Centroid_1,Centroid_2,BoundingBox_1,BoundingBox_2,BoundingBox_3,BoundingBox_4,Eccentricity,Orientation,ConvexArea,EulerNumber,EquivDiameter,Extent,Perimeter,WeightedCentroid_1,WeightedCentroid_2,MeanIntensity,nuclei,meancents,class,ratio
4853,19.1784463218628,105.062847723058,0.5,38.5,49,158,0.961620071307742,83.6150488351314,5609,0,78.6068159296619,0.626840609661586,407.093,19.4406783625148,105.240320960723,0.92810045156999,1,0.000206058108386565,Mesenchymal,11.921108935796
190301,194.850909874357,447.792250172096,0.5,52.5,478,967,0.877285405301286,73.6492387150098,320051,-30,492.238517999807,0.411705529329808,5682.028,195.016748678663,448.079859941098,0.924386014951517,48,0.000252231990373146,Mesenchymal,33.4917392170542
1482,16.5087719298246,700.172739541161,0.5,667.5,40,60,0.873828856941912,-66.4652849797711,1743,1,43.4389342099632,0.6175,179.836,16.5315903879344,700.14063492711,0.966135310598072,1,0.000674763832658569,Mesenchymal,8.24084165573078
304,8.81907894736842,1077.26315789474,0.5,1064.5,23,21,0.795596585542755,-44.9137585055043,324,1,19.6739630374637,0.629399585921325,74.117,8.84706555252528,1077.26459466616,0.977187815937879,2,0.00657894736842105,Mesenchymal,4.1016231094081
2618,201.83269671505,14.5790679908327,153.5,0.5,101,33,0.945270761903128,0.806590211959712,2741,1,57.7350944237269,0.785478547854785,240.902,201.509373093715,14.7620175979529,0.93458870160904,0,0,Mesenchymal,10.867489684602
150881,551.249468123886,857.221207441626,157.5,664.5,719,421,0.8743784799426,-5.72556892699483,241413,-26,438.300873543718,0.498452257853511,4819.146,551.600005462209,857.820870191006,0.932627335923321,18,0.000119299315354485,Mesenchymal,31.308659252075
5019,272.529388324367,994.270173341303,221.5,955.5,111,76,0.823160147731275,-20.0691498202725,5827,1,79.9399104016622,0.594950213371266,340.818,272.620252980571,994.287881053778,0.937373585000814,2,0.00039848575413429,Mesenchymal,14.726334876679
339,267.666666666667,652.52802359882,256.5,642.5,22,20,0.528586760583328,-23.8682383271244,344,1,20.7756637839858,0.770454545454546,63.094,267.662338309067,652.531098745291,0.985481399588268,1,0.00294985250737463,Mesenchymal,5.37293561986877
2534,298.821625887924,260.143251775848,269.5,228.5,58,62,0.417422240956603,48.2415693997202,2645,1,56.8013116605497,0.704671857619577,185.462,298.970943815235,260.156203455325,0.933464520085784,1,0.000394632991318074,Mesenchymal,13.6631762840905
385,310.363636363636,452.467532467532,299.5,441.5,21,22,0.350872569102479,-85.2150699552938,387,1,22.1403980253978,0.833333333333333,67.262,310.365864469692,452.458990566957,0.986027517481923,1,0.0025974025974026,Mesenchymal,5.72388570069281
2936,408.325613079019,655.790871934605,376.5,621.5,64,67,0.504793620330288,41.3605942834698,3121,1,61.1410770541576,0.684701492537313,207.684,408.455709691652,655.696830835035,0.935592757598274,1,0.000340599455040872,Mesenchymal,14.1368617707671
2815,446.977264653641,1000.78046181172,414.5,972.5,65,58,0.543335906660171,10.7806333051641,2975,0,59.867932304611,0.746684350132626,199.942,447.008566072037,1000.73303873075,0.937329334994539,1,0.000355239786856128,Mesenchymal,14.0790829340509
3756,487.44595314164,90.9627263045793,449.5,55.5,74,77,0.316779447747031,55.4166428581467,3925,1,69.1540868642286,0.659178659178659,231.958,487.475616592375,91.1008681016399,0.940383362491379,1,0.000266240681576145,Mesenchymal,16.1925865889514
444,465.529279279279,469.011261261261,453.5,456.5,24,24,0.32239574947388,61.9564508192882,448,1,23.7764244129014,0.770833333333333,73.002,465.524900919579,469.009393249581,0.981025337286262,1,0.00225225225225225,Mesenchymal,6.08202514999589
1717,503.099592312172,16.0972626674432,475.5,0.5,58,38,0.779040956811731,7.13883601893915,1771,1,46.7563075778047,0.779038112522686,162.972,503.213981967609,16.3029743162811,0.936037291236983,1,0.0005824111822947,Mesenchymal,10.5355521193825
2405,510.17130977131,612.02869022869,479.5,581.5,63,57,0.619579370552291,25.6991892365732,2545,1,55.3366163140471,0.669729880256196,187.372,510.229726962994,612.058105453534,0.936641713575808,1,0.000415800415800416,Mesenchymal,12.8354289861879
2876,524.634909596662,313.417941585535,489.5,283.5,68,62,0.769129468466274,39.0177112202549,2972,1,60.5131137081734,0.682163187855787,202.796,524.572138084436,313.457883252513,0.941751968319591,1,0.000347705146036161,Mesenchymal,14.1817392847985
2022,536.593471810089,654.026211671612,507.5,626.5,55,50,0.716666867810362,31.7988959468012,2102,1,50.7394359394593,0.735272727272727,168.44,536.626739376739,653.996756498917,0.94156883630997,1,0.000494559841740851,Mesenchymal,12.0042745191166
26333,658.873960429879,397.039684046634,524.5,303.5,244,211,0.794204997688167,-28.3657383379733,35362,-3,183.107118735212,0.511479294538109,956.84,658.729745658345,397.131195574697,0.918016255596841,6,0.000227850985455512,Mesenchymal,27.5207976255173
6752,584.413359004739,524.833678909953,530.5,474.5,101,104,0.730541317096946,-62.0082496038352,7751,0,92.7195416622182,0.642802741812643,368.722,584.453416135552,524.904447141763,0.93434222336796,2,0.000296208530805687,Mesenchymal,18.3118989374108
424,669.254716981132,1002,656.5,990.5,24,24,0.654570589327679,-45.4731480179224,426,1,23.2347491264207,0.736111111111111,71.894,669.25583725426,1001.98956830315,0.980113668226184,1,0.00235849056603774,Mesenchymal,5.89757142459732
1984,717.37247983871,593.447580645161,689.5,567.5,56,52,0.605753176242818,34.6168987945687,2049,1,50.2603945145137,0.681318681318681,162.586,717.418179981513,593.491312644764,0.941623308799147,1,0.000504032258064516,Mesenchymal,12.2027726864552
3634,739.862135388002,28.2267473858008,694.5,0.5,85,61,0.738337888434224,-27.1378985053071,3889,0,68.021706135377,0.700867888138862,241.747,739.670125184566,28.1192302764121,0.932735043106136,3,0.000825536598789213,Mesenchymal,15.0322444539126
3450,741.079130434783,107.062898550725,706.5,69.5,71,74,0.404263158163253,-53.9369670118179,3760,0,66.2772693261899,0.656642558051009,222.496,741.039575341292,107.003298659526,0.938544234966799,1,0.000289855072463768,Mesenchymal,15.5058967352222
5527,803.644653519088,584.775104034739,755.5,544.5,103,81,0.801037151494746,26.2684635941246,5937,0,83.8879905811985,0.662471533021695,291.32,803.627652129548,584.756182598347,0.936236814700087,1,0.000180929980097702,Mesenchymal,18.9722641768502
228,766.657894736842,843.144736842105,757.5,834.5,18,17,0.33942460921591,-21.6090613349599,228,1,17.0381517835597,0.745098039215686,51.21,766.666365643274,843.148906483757,0.983030421634264,1,0.0043859649122807,Mesenchymal,4.4522554188635
1676,850.98031026253,1068.90095465394,822.5,1046.5,59,39,0.707784000638777,-0.794544080316851,1783,0,46.1946910042283,0.728378965667101,160.517,851.129328307179,1068.6625968953,0.928816484525515,1,0.000596658711217184,Mesenchymal,10.4412616732184
204122,1093.25594007505,575.318515397654,834.5,134.5,602,847,0.833567190722784,-74.7504278056148,357561,-45,509.800159229507,0.400322419953951,5836.818,1093.44953678773,575.847706145124,0.924264552047238,55,0.000269446703442059,Mesenchymal,34.9714519109556
538,856.996282527881,542.044609665428,844.5,528.5,26,27,0.279125263502426,74.475538791722,543,1,26.1725595818888,0.766381766381766,80.04,856.991817795519,542.062973778485,0.971662251421061,1,0.00185873605947955,Mesenchymal,6.7216391804098
2462,879.541835905768,318.369212022746,850.5,292.5,60,53,0.489742977495411,14.9200008939979,2541,1,55.9885323895704,0.774213836477987,180.598,879.573410452964,318.332062904446,0.933820168031968,1,0.000406173842404549,Mesenchymal,13.6324876244477
2521,887.083300277668,236.135263784213,857.5,206.5,60,58,0.499660594680503,35.8687282956469,2598,1,56.6554224437286,0.724425287356322,180.722,887.164506189862,236.090014018377,0.934049195517475,2,0.000793335977786593,Mesenchymal,13.9496021513706
28233,1104.13314206779,980.10937555343,936.5,843.5,340,242,0.940657843310687,-35.718270801908,42815,-6,189.597922104932,0.343133203694701,1285.726,1103.98282904121,980.045746460216,0.929716515017936,6,0.000212517267027946,Mesenchymal,21.958799930934
4681,981.165562913907,42.9525742362743,943.5,0.5,87,89,0.820506671605973,60.0070692665983,5431,1,77.2012584671085,0.604546041585949,304.668,981.280141738654,43.0074048662417,0.928929483688231,4,0.000854518265327921,Mesenchymal,15.3642653642654
7150,1093.21916083916,95.3871328671329,1049.5,41.5,97,114,0.553864412224085,79.5248756473667,7981,-2,95.4131162097561,0.646590703563031,350.106,1093.20622825707,95.6056923913155,0.931630253003663,2,0.00027972027972028,Mesenchymal,20.4223863629872
37016,1352.48292630214,87.8651664145234,1161.5,0.5,329,218,0.871038308633834,-16.48926604982,50276,-8,217.094990702035,0.516103845403084,1327.108,1351.80030440661,88.6489251810714,0.91771498520621,7,0.00018910741301059,Mesenchymal,27.8922288163435
2523,1196.98692033294,969.845422116528,1165.5,942.5,63,53,0.586083836452629,-12.0761596272244,2620,1,56.6778913807387,0.755615453728661,184.956,1197.00830537063,969.853556732189,0.937674947603964,1,0.000396353547364249,Mesenchymal,13.6410822033348
3059,1236.56783262504,424.967309578294,1203.5,393.5,66,63,0.348834747766593,26.0172771637778,3170,1,62.4086513821991,0.735690235690236,202.324,1236.5595570489,424.96412256889,0.93153404113857,1,0.0003269042170644,Mesenchymal,15.119313576244
12390,1329.55577078289,247.189184826473,1265.5,158.5,129,192,0.856194628757802,80.3341938153764,15844,-2,125.600310347024,0.500242248062015,567.22,1329.60560346062,247.221270987029,0.930122426926238,7,0.000564971751412429,Mesenchymal,21.8433764676845
18436,1416.48763289217,442.725862443046,1336.5,295.5,154,285,0.913164051743874,-65.2328263822394,27461,-2,153.210457367431,0.420050125313283,903.127,1416.28080541866,442.456317608767,0.938457116996535,6,0.000325450206118464,Mesenchymal,20.4135188074324
2848,1409.76685393258,778.452247191011,1376.5,747.5,64,63,0.577060869338746,42.9809886362318,2943,0,60.217823137388,0.706349206349206,194.294,1409.78901801144,778.432327343083,0.933269598439615,1,0.000351123595505618,Mesenchymal,14.6581984003623
319,1427.09090909091,249.018808777429,1415.5,239.5,23,19,0.616599157071463,-14.4158631212177,325,1,20.1534963410947,0.729977116704805,62.168,1427.08049718307,249.028196657307,0.983889575795106,1,0.00313479623824451,Mesenchymal,5.13125723845065
140,1442,1081.17857142857,1433.5,1075.5,17,10,0.793984208168062,0,140,1,13.3511623562491,0.823529411764706,42.914,1441.98558442374,1081.18184699139,0.976774154920284,1,0.00714285714285714,Mesenchymal,3.26233863074987
1686,1469.31791221827,19.7538552787663,1443.5,0.5,47,41,0.526711705667325,-22.9840307102337,1697,1,46.3322983719077,0.874935132330047,151.145,1469.0441674171,19.9666084720568,0.918727445980036,1,0.000593119810201661,Mesenchymal,11.1548513017301
5044,1471.75872323553,654.55551149881,1443.5,583.5,47,158,0.961531502616636,-87.1783138043983,5935,1,80.1387563145583,0.679235119849179,414.802,1471.59810416928,654.907024868739,0.937119983297937,0,0,Mesenchymal,12.1600185148577
991,1476.98890010091,1067.18365287588,1458.5,1045.5,32,40,0.579749283115278,83.6032440699372,1042,1,35.521548232482,0.77421875,123.771,1476.89721495132,1067.15072875568,0.963348599127327,1,0.00100908173562059,Mesenchymal,8.00672209160466
2112,19.969696969697,172.076231060606,0.5,135.5,42,82,0.919806439358476,67.7704919392043,2189,1,51.8563585154286,0.613240418118467,199.271,19.95585157506,172.160976445864,0.940783132714805,1,0.000473484848484848,Mesenchymal,10.5986320136899
23722,62.6977067700868,362.537222831127,0.5,238.5,137,232,0.841510640432804,82.8073144507249,28629,-1,173.792371754941,0.746350364963504,828.246,62.3258757131156,363.166214724302,0.946208807044925,7,0.000295084731472894,Mesenchymal,28.6412490974904
10114,172.154340518094,42.2238481313031,81.5,0.5,198,96,0.935789449829884,12.7107317295505,13108,1,113.479270157379,0.532091750841751,542.37,172.108909724584,42.2499584997741,0.922761656176966,2,0.000197745699031046,Mesenchymal,18.6477865663661
6134,212.039941310727,424.760515161396,160.5,375.5,102,95,0.840873697153628,-40.5853454318077,6386,1,88.3744950050946,0.633023735810114,305.338,211.812975813862,424.795787962144,0.924951925629099,4,0.0006521030322791,Mesenchymal,20.0892126102876
170,171.5,191,164.5,183.5,14,15,0.336263297273697,90,170,1,14.7122643602193,0.80952380952381,43.328,171.500169816689,191.000070077193,0.9895037209053,1,0.00588235294117647,Mesenchymal,3.92355982274742
4657,224.123684775607,147.891131629805,188.5,98.5,72,99,0.819686756347166,70.8815736565033,5041,1,77.0030944821807,0.653338945005612,285.49,224.138808481855,147.807080863413,0.939311356571252,1,0.000214730513205927,Mesenchymal,16.3123051595502
704,307.947443181818,317.127840909091,289.5,300.5,35,34,0.648479462039352,-37.6323089319,812,1,29.9392825480764,0.591596638655462,117.05,307.975317433836,317.163605778914,0.978214715049725,3,0.00426136363636364,Mesenchymal,6.01452370781717
13092,400.829514207149,95.619767797128,322.5,30.5,170,123,0.765274946902684,-13.3798573816587,15510,1,129.109457901707,0.626111908177905,568.83,400.626863031024,95.7196515457642,0.944255188293652,5,0.000381912618392912,Mesenchymal,23.0156637308159
651,399.651305683564,460.21044546851,384.5,445.5,37,25,0.790779873897694,-23.5196267463967,664,1,28.7902577901378,0.703783783783784,101.368,399.593489786239,460.062215634304,0.954668129797057,1,0.00153609831029186,Mesenchymal,6.42214505563886
13638,498.708241677665,350.78750549934,420.5,285.5,159,141,0.706109660653384,-21.3202657658691,17960,1,131.774204270404,0.608323297203265,807.824,498.762884308138,350.825698680867,0.94028004578256,5,0.000366622671946033,Mesenchymal,16.8823902236131
406,490.839901477832,256.753694581281,478.5,245.5,24,22,0.539341261813645,18.7361733209077,417,1,22.7362102198778,0.768939393939394,70.38,490.84282560855,256.759744525672,0.979351540972933,1,0.00246305418719212,Mesenchymal,5.76868428530833
1793,523.938092582264,175.697713329615,501.5,150.5,46,50,0.385101391695261,74.2484446461128,1828,1,47.7798964388805,0.779565217391304,150.734,523.866073632161,175.735439882759,0.952704284130502,1,0.000557724484104852,Mesenchymal,11.8951265142569
1008,531.556547619048,460.736111111111,503.5,447.5,55,23,0.901276951441118,1.23567651231702,1026,1,35.8249279286511,0.796837944664032,130.892,531.418828802361,460.657954556054,0.945316687077408,0,0,Mesenchymal,7.70100540903951
3872,560.883006198347,235.117768595041,509.5,209.5,98,54,0.887616348042018,-6.43242385983288,4290,1,70.2138413506521,0.73167044595616,266.162,560.740193248467,235.125440843294,0.944634915904364,1,0.000258264462809917,Mesenchymal,14.5475312028013
1706,610.690504103165,308.118405627198,588.5,285.5,44,47,0.427241721279001,-59.4419792290976,1721,1,46.6062942457152,0.82495164410058,145.06,610.623757353883,308.1596665217,0.941292156395533,1,0.000586166471277843,Mesenchymal,11.7606507652006
989,13.6552072800809,25.4489383215369,0.5,5.5,31,43,0.661833693865525,72.4646344602268,1033,1,35.4856859838312,0.741935483870968,122.06,13.7672644390023,25.3987347507899,0.95432098746079,1,0.00101112234580384,Mesenchymal,8.10257250532525
440,6.73636363636364,116.129545454545,0.5,98.5,16,40,0.927182423040783,82.126333734082,474,1,23.6690810908128,0.6875,91.923,6.8009003689655,116.098523677099,0.965040780640076,0,0,Mesenchymal,4.78661488419656
10260,69.7898635477583,197.124561403509,0.5,120.5,187,143,0.819404479275014,-17.7006601761343,16916,-2,114.295396796996,0.383680490632362,670.237,70.0323087443734,197.051644056697,0.945929256905892,7,0.000682261208576998,Mesenchymal,15.3080179100826
189,4.65608465608466,358.275132275132,0.5,347.5,10,24,0.921844062045967,84.1013702804114,197,1,15.5126488374792,0.7875,56.27,4.68723643611304,358.23709117996,0.973807588926237,0,0,Mesenchymal,3.35880575795273
7764,46.5951828954147,412.617078825348,0.5,322.5,88,186,0.936937457393734,-86.7384699858484,11750,1,99.4255089266522,0.474340175953079,559.468,46.8121085396305,413.006242671425,0.93357615516774,13,0.00167439464193715,Mesenchymal,13.8774693101303
1190,12.4487394957983,502.194117647059,0.5,475.5,29,54,0.884807012220725,82.9857601946526,1269,1,38.9249927197789,0.759897828863346,139.791,12.5832380170807,502.049632911208,0.943194749389353,1,0.000840336134453782,Mesenchymal,8.51270825732701
6536,38.5748164014688,620.674877600979,0.5,563.5,93,112,0.619474259815392,82.743510926949,8425,-2,91.2244137519613,0.627496159754224,437.049,38.6318817109934,620.506058272672,0.956297672936212,7,0.00107099143206854,Mesenchymal,14.9548448800935
8396,39.0468080038113,755.21712720343,0.5,680.5,113,138,0.629588989050297,-63.3275789701643,10695,1,103.393032732368,0.538412209824291,505.418,39.2993724204574,754.985182214047,0.93874502572619,11,0.00131014768937589,Mesenchymal,16.6119924498138
4269,25.4469430780042,882.500117123448,0.5,814.5,61,133,0.946572361845453,-78.0331942522105,6139,1,73.7255696246181,0.526192530506594,403.57,25.4966211411473,882.210157664418,0.946758488968712,5,0.00117123448114312,Mesenchymal,10.5780905419134
663,25.2081447963801,269.749622926094,10.5,254.5,30,29,0.289566822667646,-21.0744356408815,675,1,29.0543941282453,0.762068965517241,89.6,25.2047251170924,269.749716432736,0.94656105882957,1,0.00150829562594268,Mesenchymal,7.39955357142857
24794,232.744575300476,427.484835040736,55.5,335.5,341,236,0.873572427427207,33.1394213911595,49529,-5,177.675831986693,0.308091853471843,1480.466,231.993497381435,428.107949514843,0.93739365384918,46,0.00185528756957328,Mesenchymal,16.7474295255683
817,70.452876376989,868.012239902081,55.5,849.5,31,36,0.479280144737058,-88.4690724308623,843,1,32.2527007868896,0.732078853046595,101.948,70.4832029632597,867.969879224415,0.951695761464986,1,0.00122399020807834,Mesenchymal,8.01388943382901
2608,104.487346625767,714.070552147239,62.5,688.5,89,52,0.925387101253781,18.3219461921986,3007,1,57.6247232762926,0.56352636127917,241.128,104.79480959992,713.93428699117,0.947531344025146,5,0.00191717791411043,Mesenchymal,10.8158322550678
1199,112.127606338616,397.964136780651,90.5,377.5,43,39,0.480106832404651,11.6493372148023,1243,1,39.0719108073493,0.714967203339296,124.724,112.19480694285,397.903407642927,0.945982341120089,2,0.00166805671392827,Mesenchymal,9.61322600301466
10081,158.874119630989,880.240849122111,91.5,803.5,125,144,0.720599926222168,-81.3801027699754,14269,1,113.293988589312,0.560055555555556,694.314,159.024274242352,880.09652523079,0.939128837057472,14,0.00138875111596072,Mesenchymal,14.519367317957
1363,128.365370506236,339.01100513573,106.5,317.5,43,43,0.416095651165087,46.189025280857,1414,1,41.6584385145918,0.737155219037318,133.052,128.40232461509,338.990678741288,0.943632077338786,2,0.00146735143066764,Mesenchymal,10.2441150828248
543,133.513812154696,282.716390423573,119.5,270.5,27,25,0.291569064592246,-18.6845833879395,559,1,26.293898014391,0.804444444444444,83.182,133.544773667587,282.69364971391,0.947166372463034,1,0.00184162062615101,Mesenchymal,6.52785458392441
3155,161.730269413629,633.539461172742,133.5,584.5,60,91,0.817603811800952,88.8003833913925,3727,1,63.3803657581702,0.577838827838828,276.616,161.801870644042,633.573511214004,0.955833205864726,7,0.00221870047543582,Mesenchymal,11.4057032131185
1283,150.96570537802,108.587685113016,134.5,83.5,35,51,0.836267111449097,76.109158708112,1369,1,40.4174013995855,0.718767507002801,139.982,150.984054606032,108.595206469202,0.944591237918606,1,0.000779423226812159,Mesenchymal,9.16546413110257
15650,238.915846645367,697.711309904153,163.5,585.5,151,227,0.819276866409544,72.6187762450424,22228,-1,141.160188704554,0.456574379321411,909.856,239.139860946914,697.681261914461,0.94118759083736,26,0.00166134185303514,Mesenchymal,17.2005240389688
1661,191.754364840458,307.903070439494,170.5,281.5,44,55,0.700049542577609,-82.2236687151029,1802,1,45.9875079103565,0.686363636363636,158.028,191.764780572729,307.814434432099,0.935815060912152,4,0.00240818783865141,Mesenchymal,10.5107955552181
24114,292.495521273949,108.068051754168,189.5,0.5,210,207,0.432094045506826,52.0853243732978,34692,0,175.222425453318,0.554727398205659,1452.448,292.197100271055,107.95700918965,0.936236125864257,30,0.00124409056979348,Mesenchymal,16.6023155390072
1232,208.872564935065,243.513798701299,189.5,224.5,41,39,0.41101136423719,-34.9204030697109,1314,1,39.6059480269532,0.770481550969356,135.516,209.05739255046,243.43284440468,0.927838426925956,2,0.00162337662337662,Mesenchymal,9.09117742554385
732,208.513661202186,611.510928961749,193.5,593.5,31,33,0.549052337332145,-42.0203718266887,821,1,30.5288608818957,0.715542521994135,108.018,208.524891052298,611.510928419727,0.974617696723305,3,0.00409836065573771,Mesenchymal,6.77664833638838
2398,231.400333611343,541.557547956631,206.5,507.5,50,71,0.813660236695115,-69.888144578859,2641,1,55.2560261715853,0.675492957746479,205.806,231.397379179848,541.377784699334,0.936494358669885,4,0.00166805671392827,Mesenchymal,11.6517497060338
132,230.5,596,224.5,589.5,12,13,0.367999477912441,90,132,1,12.9640896288571,0.846153846153846,37.704,230.507724794906,595.981837967668,0.980018769969059,0,0,Mesenchymal,3.50095480585614
5132,264.599571317225,891.215510522214,227.5,840.5,73,101,0.737180459200926,82.5880335573401,6185,1,80.8348027991709,0.696053166960532,381.136,264.688825372637,891.059015431592,0.94864118764996,3,0.000584567420109119,Mesenchymal,13.465009865245
1365,263.370695970696,272.281318681319,241.5,250.5,43,45,0.735472858828912,48.0723481855083,1427,1,41.6889910955338,0.705426356589147,139.18,263.410684753303,272.285370991569,0.944334923719914,1,0.000732600732600733,Mesenchymal,9.80744359821813
701,268.708987161198,824.540656205421,251.5,810.5,35,27,0.642762291854655,2.52389865418646,724,1,29.875423358663,0.741798941798942,95.844,268.706668508304,824.550916394866,0.965247400827926,1,0.0014265335235378,Mesenchymal,7.31396853219816
448,279.462053571429,8.97098214285714,265.5,0.5,28,18,0.752731362558991,-1.83011743186161,453,1,23.8832852857674,0.888888888888889,77.144,279.462602714691,9.07450889559763,0.943345316587632,1,0.00223214285714286,Mesenchymal,5.8073213730167
1529,304.595160235448,798.841072596468,281.5,775.5,47,44,0.442476892801773,30.7118548077703,1585,1,44.1223669344706,0.73936170212766,142.926,304.652651744539,798.784003350297,0.962456252833209,3,0.00196206671026815,Mesenchymal,10.6978436393658
13995,378.181493390497,266.307752768846,286.5,150.5,199,206,0.889550067371737,45.4683803768731,21784,-1,133.487780072067,0.341391423135093,851.48,378.355527612118,266.281834796532,0.934704083671889,30,0.00214362272240086,Mesenchymal,16.4360877530887
903,316.928017718715,709.03211517165,300.5,688.5,32,40,0.769341083188266,-68.0619760958897,966,1,33.9077470336183,0.70546875,113.17,316.893098629474,709.022940864224,0.939954441640859,1,0.00110741971207087,Mesenchymal,7.97914641689494
14022,384.136143203537,550.810726001997,307.5,444.5,169,193,0.541472167132021,-84.1569762328862,21423,1,133.616484373286,0.429898519177116,973.486,384.294961703856,551.234769951363,0.937810270943564,22,0.00156896305805163,Mesenchymal,14.403905140906
497,345.10060362173,940.621730382294,327.5,931.5,38,16,0.913120256904816,-3.91960522122116,519,1,25.1555173616719,0.817434210526316,94.065,345.088309393104,940.596069200439,0.973669983843345,1,0.00201207243460765,Mesenchymal,5.28358050284378
1525,357.904918032787,676.341639344262,337.5,644.5,41,63,0.890887102013239,-73.4486224762881,1813,0,44.0646151205377,0.590398761130468,189.696,357.904404407854,676.042169043026,0.943449275128707,3,0.0019672131147541,Mesenchymal,8.03917847503374
1622,389.138101109741,417.459309494451,357.5,399.5,68,35,0.908243874064669,-11.3017090290051,1788,1,45.4444115547823,0.681512605042017,171.392,389.305315153071,417.486444995346,0.949522826483441,4,0.00246609124537608,Mesenchymal,9.4636855862584
662,374.614803625378,838.687311178248,359.5,822.5,29,31,0.384151571615836,-74.6581105394307,696,1,29.032474552037,0.736373748609566,93.032,374.610594842855,838.646506918344,0.948241753683149,1,0.00151057401812689,Mesenchymal,7.11583111187548
2469,409.400972053463,15.501822600243,364.5,0.5,112,47,0.92835517676771,10.2269877578026,3448,1,56.0680696649271,0.469034954407295,316.649,409.399391715319,15.6598646818553,0.939439504767805,8,0.00324017820980154,Mesenchymal,7.79727711124936
6944,454.353110599078,66.8225806451613,382.5,19.5,134,93,0.822656157267934,22.547979353037,8326,1,94.0285881987014,0.557213930348259,410.058,454.60428482874,66.6944025422947,0.939004971676464,9,0.00129608294930876,Mesenchymal,16.9341897975408
321547,853.574457233313,415.91692660793,401.5,0.5,891,902,0.437512657377548,-66.3726746428357,654146,-65,639.848697655123,0.400092325073848,13589.983,853.657781226956,415.644762346615,0.93652694491144,600,0.00186597915701282,Mesenchymal,23.6605888322303
1750,435.18,933.864571428571,403.5,912.5,79,35,0.890814413798812,-11.8311286285253,1970,1,47.2034871941315,0.632911392405063,201.436,435.363800509023,933.804058816938,0.951218931189749,1,0.000571428571428571,Mesenchymal,8.68762286780913
526,422.399239543726,820.585551330798,409.5,807.5,26,27,0.371456207987696,-78.463425527714,551,1,25.8790262670506,0.749287749287749,81.892,422.430637657877,820.562272751394,0.955159760636543,1,0.00190114068441065,Mesenchymal,6.42309383089923
904,432.337389380531,314.654867256637,413.5,297.5,38,34,0.642510071035357,25.6343999739698,957,1,33.9265168922568,0.69969040247678,110.102,432.38943398525,314.621906891547,0.958206682735145,2,0.00221238938053097,Mesenchymal,8.21056838204574
662,432.779456193353,658.924471299094,418.5,644.5,28,28,0.446736920400274,40.7325894119987,688,1,29.032474552037,0.844387755102041,93.288,432.801394403423,658.904631775184,0.954567250508918,1,0.00151057401812689,Mesenchymal,7.09630391904639
674,437.529673590504,701.307121661721,422.5,688.5,31,28,0.359395838092164,13.2777402438569,697,1,29.2944269981766,0.776497695852535,93.338,437.582035667425,701.295816317885,0.949710033579349,1,0.00148367952522255,Mesenchymal,7.22106751805267
10042,491.699561840271,734.079267078271,423.5,639.5,111,181,0.840497801956973,83.6314152499813,13069,1,113.074628048163,0.499825792643472,613.042,491.765840793246,734.048447991949,0.942129025830238,12,0.00119498107946624,Mesenchymal,16.3806068752223
412,440.179611650485,277.247572815534,431.5,260.5,19,32,0.896216673250243,-73.1220543572451,449,1,22.9035956223229,0.677631578947368,79.824,440.177781846071,277.243365485927,0.979830463948955,0,0,Mesenchymal,5.16135498095811
1369,473.36742147553,606.685171658145,447.5,585.5,49,42,0.601483285664238,19.0543012578915,1435,1,41.750029182534,0.665208940719145,136.278,473.365722250775,606.650279858074,0.958003637577625,1,0.000730460189919649,Mesenchymal,10.0456419965071
917,522.635768811341,916.973827699019,506.5,897.5,33,38,0.506175874369695,83.5251676604166,957,1,34.1695868064298,0.731259968102073,108.506,522.664843950453,916.924643581879,0.948964310845458,4,0.00436205016357688,Mesenchymal,8.45114555877094
738,533.960704607046,11.5880758807588,516.5,0.5,39,25,0.799028274858312,21.0882552969788,763,1,30.6537238197017,0.756923076923077,104.932,533.983936732371,11.7167842453481,0.948029119755485,1,0.0013550135501355,Mesenchymal,7.03312621507262
1216,542.657894736842,695.425164473684,520.5,674.5,43,40,0.568958817880007,34.5370194523326,1260,1,39.3479260749275,0.706976744186047,125.948,542.69412122803,695.366112583835,0.959402572513019,2,0.00164473684210526,Mesenchymal,9.65477816241624
1127,553.833185448092,631.44099378882,533.5,612.5,41,38,0.501202154209816,29.6467439108274,1176,1,37.8806146586421,0.723363286264442,120.87,553.856382566089,631.39588450888,0.954068486512561,2,0.00177462289263532,Mesenchymal,9.32406717961446
2613,587.893991580559,934.995790279372,534.5,916.5,122,31,0.965322706081763,-2.75267857882206,3047,1,57.6799352495561,0.690904283447911,300.333,588.337849170328,934.782271178326,0.936089911682601,3,0.00114810562571757,Mesenchymal,8.70034261969214
1513,555.561797752809,784.99272967614,536.5,754.5,38,61,0.892626885299343,75.076310697447,1700,1,43.8909037408015,0.652717860224331,168.424,555.577327498446,784.965600119771,0.953327501036693,2,0.00132187706543291,Mesenchymal,8.98328029259488
1250,558.6968,892.2736,539.5,865.5,37,54,0.878814209350907,-64.3918254766522,1341,1,39.8942280401433,0.625625625625626,142.778,558.7140451733,892.275229650839,0.964752791475319,1,0.0008,Mesenchymal,8.7548501870036
3088,608.89896373057,696.586139896373,572.5,667.5,72,59,0.720794810599255,22.4687687770273,3489,1,62.7037775109457,0.726930320150659,239.772,608.964004332486,696.539567985554,0.933376978822864,4,0.00129533678756477,Mesenchymal,12.8789016232087
653,601.450229709035,611.724349157734,586.5,597.5,30,29,0.570686811032747,-45.4334419960682,678,0,28.8344485418407,0.750574712643678,90.162,601.461954171893,611.698626815144,0.940291188859723,1,0.00153139356814701,Mesenchymal,7.24251902131719
1835,633.888283378747,583.804904632153,599.5,559.5,65,46,0.762541234567673,-7.76702233575572,2094,1,48.336265521749,0.61371237458194,188.116,633.845834109184,583.758311866629,0.954925375786222,3,0.00163487738419619,Mesenchymal,9.75461949010185
809,637.485784919654,742.672435105068,621.5,725.5,32,35,0.422006640559795,-88.2587032205571,847,1,32.0944043672841,0.722321428571429,102.692,637.511388862892,742.653404430705,0.953020579346312,1,0.00123609394313968,Mesenchymal,7.87792622599618
812,672.965517241379,8.55665024630542,644.5,0.5,54,20,0.931925739023486,-3.54795443288109,856,1,32.153856849917,0.751851851851852,126.856,672.983229210802,8.66015596962024,0.949383768592744,0,0,Mesenchymal,6.4009585671943
137,735,448.262773722628,728.5,441.5,13,13,0.0791658076231411,0,137,1,13.2073395363607,0.810650887573965,38.556,735.008676257873,448.266335172632,0.981304878651378,0,0,Mesenchymal,3.5532731611163
116,749.637931034483,77.6379310344828,743.5,71.5,12,12,0.327450393773747,45.000000000001,116,1,12.153015559493,0.805555555555556,35.19,749.649635822335,77.6301815923976,0.982226969839317,0,0,Mesenchymal,3.29639102017619
637,764.472527472527,904.475667189953,749.5,889.5,30,29,0.353149197732133,-36.6377307862019,653,1,28.4790026158975,0.732183908045977,88.492,764.462500117253,904.480558161599,0.945430132451889,1,0.00156985871271586,Mesenchymal,7.19839081498893
1443,770.713790713791,349.328482328482,753.5,320.5,39,54,0.811787393024563,-75.493676790071,1637,1,42.8635586839548,0.685185185185185,165.488,770.749721612212,349.437606829104,0.956541005080962,2,0.00138600138600139,Mesenchymal,8.71966547423378
1010,783.065346534653,287.29900990099,766.5,267.5,34,39,0.48791800036032,85.1665830139902,1036,1,35.8604509199552,0.761689291101056,112.972,783.122018693467,287.232615989254,0.942209485173995,1,0.00099009900990099,Mesenchymal,8.94026838508657
1015,796.00197044335,500.60197044335,777.5,481.5,37,37,0.456740624338479,43.2636738230253,1056,1,35.9491048276058,0.741417092768444,114.022,796.103052447232,500.545039783853,0.943982752836522,2,0.00197044334975369,Mesenchymal,8.90179088246128
4322,826.010874595095,404.345441925035,778.5,362.5,98,88,0.900610235986246,37.4039157914595,5638,1,74.1818125442172,0.501159554730983,358.788,826.000237463613,404.301892766811,0.953594905601991,10,0.002313743637205,Mesenchymal,12.0461107952328
647,793.797527047913,927.724884080371,779.5,912.5,29,29,0.414793663449142,28.6319727618058,666,1,28.7016721715591,0.769322235434007,89.848,793.839401220794,927.703634502049,0.960017270801363,2,0.00309119010819165,Mesenchymal,7.20105066334253
889,823.869516310461,345.40607424072,806.5,328.5,35,34,0.436156481323179,-37.9820773970924,904,1,33.6438695050013,0.747058823529412,103.85,823.910655936222,345.341048318617,0.931286417095531,1,0.00112485939257593,Mesenchymal,8.56042368801156
3507,859.171656686627,910.704590818363,816.5,866.5,96,78,0.610332807151309,-16.3347676946225,5164,1,66.822534248457,0.468349358974359,379.01,859.232984230826,910.63535134549,0.95517829064299,7,0.00199600798403194,Mesenchymal,9.25305400912905
6027,881.299153807865,292.006470881035,821.5,250.5,107,95,0.743166726127848,-38.8287067353109,7216,1,87.6003124202124,0.592916871618298,361.146,881.600761809304,291.989035178368,0.929555969320962,10,0.00165920026547204,Mesenchymal,16.6885414763004
1820,871.662087912088,490.935164835165,842.5,461.5,57,59,0.892245051233472,-46.8031301460587,2046,1,48.1383004625007,0.541183467142432,191.63,871.695216570097,490.935240135785,0.953786545373683,4,0.0021978021978022,Mesenchymal,9.49746908104159
556,910.807553956835,8.99820143884892,894.5,0.5,35,20,0.812779574620869,5.10126820142132,567,1,26.6067883607314,0.794285714285714,90.98,910.882938980213,9.09809356649944,0.940036838400064,2,0.00359712230215827,Mesenchymal,6.1112332380743
12011,953.298892681708,447.381317125968,895.5,356.5,124,182,0.78075671951574,-84.9992490275019,17885,1,123.664385219893,0.532213753987948,779.944,953.194545179761,447.476363991136,0.934265142590044,17,0.00141536924485888,Mesenchymal,15.3998235770773
1339,920.023898431665,879.677371172517,898.5,853.5,42,51,0.801074755957021,59.3548447713637,1411,1,41.2900442043888,0.625116713352007,142.622,920.048037575911,879.657267747479,0.954511789195617,2,0.00149365197908887,Mesenchymal,9.388453394287
767,940.110821382008,940.422425032595,912.5,926.5,65,21,0.960037065665285,-5.98171811513479,959,1,31.2501956923772,0.561904761904762,151.402,940.27367786998,940.371651473392,0.961597504633142,1,0.00130378096479791,Mesenchymal,5.06598327631075
1138,939.544815465729,551.789103690685,918.5,532.5,44,38,0.746513149120301,-29.9108897477879,1220,1,38.065031221695,0.680622009569378,128.892,939.609837912873,551.780617443565,0.950296354964404,3,0.00263620386643234,Mesenchymal,8.82909722868758
222,948.423423423423,915.648648648649,939.5,907.5,17,17,0.559190990743478,-47.9999164648415,224,1,16.8124709347319,0.768166089965398,50.73,948.420271224071,915.645581020708,0.985840747951458,1,0.0045045045045045,Mesenchymal,4.37610881135423
671,961.412816691505,840.175856929955,945.5,824.5,31,31,0.420972878994802,-63.8101757694104,700,1,29.229158977249,0.698231009365245,93.438,961.431540996454,840.172780287571,0.965766663312268,1,0.0014903129657228,Mesenchymal,7.18123247501017
7290,1033.0146776406,915.041838134431,966.5,866.5,144,81,0.874714902054388,-8.73937100791854,9193,1,96.3427022722496,0.625,458.023,1033.30076059892,914.813672243727,0.93566317217493,6,0.000823045267489712,Mesenchymal,15.9162312809619
537,993.651769087523,823.763500931099,981.5,810.5,26,26,0.598702621552349,-54.2069726479725,563,1,26.1482243282939,0.794378698224852,84.844,993.658983340733,823.760092932654,0.971243081823046,2,0.0037243947858473,Mesenchymal,6.32926311819339
3274,1031.82437385461,709.90348197923,994.5,659.5,70,104,0.931829779828867,-59.1094025160115,4371,1,64.564589903932,0.449725274725275,310.052,1031.72052494513,709.713921229253,0.949791283491032,3,0.000916310323762981,Mesenchymal,10.5595190484177
1093,1039.45745654163,377.324794144556,1020.5,356.5,40,39,0.475691099832341,-39.4814869918619,1127,1,37.3048364477789,0.700641025641026,119.688,1039.4826418413,377.28144485076,0.961182485565583,1,0.000914913083257091,Mesenchymal,9.13207673283871
425,1080.08470588235,391.976470588235,1068.5,380.5,24,23,0.559983363438048,-41.3532700956259,434,1,23.2621324584064,0.769927536231884,71.604,1080.08251896418,391.993376443184,0.963840625128426,1,0.00235294117647059,Mesenchymal,5.93542260208927
1299,1120.34334103156,880.315627405697,1094.5,864.5,53,30,0.835162853400509,-10.6602072331774,1351,1,40.6686386372961,0.816981132075472,141.52,1120.3664931628,880.30583942211,0.954036647164637,1,0.000769822940723634,Mesenchymal,9.17891464104014
883,1131.62174405436,118.507361268403,1115.5,99.5,33,38,0.498071013790031,81.2856173110944,915,1,33.53014342351,0.70414673046252,106.654,1131.66110660547,118.454769014828,0.957169872847823,2,0.00226500566251416,Mesenchymal,8.27910814409211
2127,1158.81147155618,58.8683591913493,1122.5,33.5,71,45,0.887386800112804,14.3759437952385,2409,1,52.0401817027159,0.665727699530516,198.974,1158.864860508,58.8134388275886,0.94653025339962,3,0.00141043723554302,Mesenchymal,10.6898388734206
8080,1233.83329207921,890.07698019802,1178.5,827.5,114,117,0.737984955820182,-32.0573628413687,10511,1,101.428672087631,0.605787974209027,525.277,1233.84767287697,890.077576831698,0.929648484079805,14,0.00173267326732673,Mesenchymal,15.3823601642562
632,1207.06962025316,149.520569620253,1193.5,135.5,28,28,0.273860199530907,-45.9047367886081,644,1,28.3670123959613,0.806122448979592,87.408,1207.05971994838,149.529580504996,0.93819480078634,1,0.00158227848101266,Mesenchymal,7.23045945451217
9272,1264.25528472821,606.193485763589,1216.5,503.5,76,212,0.933758916831075,-89.3670932602658,12625,0,108.653012193793,0.575471698113208,604.319,1264.18182439892,605.72766620213,0.939762053689799,6,0.000647109577221743,Mesenchymal,15.3428900961247
6232,1268.84242618742,135.990853658537,1226.5,46.5,66,180,0.929520953282121,88.1413443457024,8268,1,89.077656248857,0.524579124579125,594.877,1268.74687131785,135.871692986488,0.937219280531919,4,0.000641848523748395,Mesenchymal,10.4761152305435
2874,1261.2717466945,272.593597773138,1227.5,234.5,65,75,0.848677422393177,-59.2865354843994,3632,1,60.4920693278785,0.589538461538462,284.049,1261.06347376969,272.289938205247,0.931298997065647,9,0.00313152400835073,Mesenchymal,10.1179726033184
374,1241.2192513369,798.237967914439,1229.5,786.5,24,22,0.386886421453288,-0.631582702358054,386,1,21.8218145380019,0.708333333333333,68.536,1241.2137999783,798.230021959727,0.97454133917866,1,0.00267379679144385,Mesenchymal,5.4569861094899
1239,1253.400322841,17.4011299435028,1230.5,0.5,54,39,0.870129639450262,31.5982875350862,1437,1,39.7183055520608,0.588319088319088,160.516,1253.40358785084,17.4348617392089,0.94782039870471,1,0.000807102502017756,Mesenchymal,7.71885668718383
681,1254.81350954479,822.48751835536,1240.5,809.5,30,27,0.550314524863719,31.1167537147681,697,1,29.4461564548694,0.840740740740741,93.652,1254.83609068323,822.463021229101,0.947647273721511,1,0.00146842878120411,Mesenchymal,7.27160124717038
1476,1273.84552845528,441.909891598916,1253.5,417.5,39,46,0.551243515802723,74.2992436764146,1543,1,43.3509119630614,0.822742474916388,144.571,1273.84237606077,441.827668913497,0.946432311626029,1,0.000677506775067751,Mesenchymal,10.2095164313728
285,1286.64210526316,851.621052631579,1278.5,838.5,14,26,0.83351060144634,-89.9976957959469,290,1,19.0492327994993,0.782967032967033,65.078,1286.59527169803,851.615515589765,0.971735638499375,1,0.00350877192982456,Mesenchymal,4.37936015243247
165,1288.81818181818,262.339393939394,1284.5,250.5,8,23,0.934843223686009,88.4270288826021,166,1,14.4942928382623,0.896739130434783,52.234,1288.78401112046,262.321898031604,0.969944249392246,0,0,Mesenchymal,3.15886204387947
1989,21.3459024635495,26.5394670688788,0.5,0.5,53,53,0.497343445792937,-57.2394820427296,2291,1,50.3236868132517,0.708081167675329,206.226,21.4778485723041,26.6176964693074,0.944403775775889,10,0.00502765208647562,Mesenchymal,9.64475866282622
137,4.48905109489051,87.7372262773723,0.5,78.5,9,18,0.85182037836606,-88.1140856943789,137,1,13.2073395363607,0.845679012345679,43.468,4.53165166019815,87.7197314297278,0.962981516007581,0,0,Mesenchymal,3.15174381153952
868,83.5910138248848,51.0506912442396,60.5,28.5,41,40,0.876611374850487,42.2009677182044,1060,1,33.2441261703496,0.529268292682927,133.738,83.6004216626672,51.0411311305831,0.960522680319651,4,0.00460829493087558,Mesenchymal,6.49030193363143
2595,164.86204238921,11.6292870905588,106.5,0.5,130,30,0.98238493144802,3.4800354758616,3033,1,57.4809239538453,0.665384615384615,301.382,164.87660847188,11.6718746973217,0.946635645982943,4,0.00154142581888247,Mesenchymal,8.61033505650636
20614,492.707625885321,878.263219171437,363.5,812.5,291,110,0.952348067422869,-7.13179432372065,23431,-4,162.007900965264,0.643986254295533,739.052,492.647109150071,878.533618526892,0.926220478846381,12,0.000582128650431745,Mesenchymal,27.8924892970995
3293,452.136046158518,473.375948982691,412.5,441.5,73,68,0.544586621801865,-42.4443874538359,3505,1,64.7516626876321,0.663376309427881,236.356,451.949787720359,473.42526650326,0.938520319850177,4,0.00121469784391133,Mesenchymal,13.9323731997495
7227,569.22097689221,165.417323924173,523.5,107.5,94,118,0.791992327201143,-65.8818716058499,7852,1,95.9255033335818,0.651550667147494,344.142,568.909159091292,165.437718417935,0.933947319207688,5,0.0006918500069185,Mesenchymal,21.0000523039908
249,543.164658634538,594.345381526104,534.5,585.5,17,18,0.477208244052869,-58.0272985477912,249,1,17.8055229251785,0.813725490196078,53.244,543.124736273175,594.34712564026,0.958287491417178,1,0.00401606425702811,Mesenchymal,4.67658327698896
12145,595.368299711816,598.44643886373,538.5,524.5,115,180,0.803708486773011,-86.5611209630257,14128,-1,124.352299016981,0.586714975845411,576.35,595.086250918175,598.825536474838,0.929085549833321,15,0.00123507616303005,Mesenchymal,21.0722651166826
216,654.5,692.5,646.5,684.5,16,16,0,0,216,1,16.5837191746241,0.84375,49.208,654.47664839255,692.453575936605,0.95796105112031,1,0.00462962962962963,Mesenchymal,4.38953015769794
205,674,691,665.5,682.5,17,17,0,0,205,1,16.1559310060024,0.709342560553633,48.696,674.01978955549,690.978636678745,0.969682706318802,1,0.0048780487804878,Mesenchymal,4.20979135863315
525,680.350476190476,759.954285714286,668.5,741.5,22,35,0.864903724819753,74.9573222763027,582,1,25.854414729132,0.681818181818182,94.77,680.320720633415,759.913912169644,0.952772061439337,1,0.0019047619047619,Mesenchymal,5.53972776194998
294,678.897959183673,790.761904761905,668.5,780.5,20,21,0.689798943563014,50.0640092642904,296,1,19.3476723703948,0.7,60.018,678.89085691212,790.802216063162,0.95973630654342,1,0.00340136054421769,Mesenchymal,4.89853044086774
431,688.600928074246,728.489559164733,675.5,717.5,25,23,0.61142302358566,-32.4056928931724,443,1,23.4257602604666,0.749565217391304,72.646,688.640571934416,728.477923688222,0.957914943581161,1,0.00232018561484919,Mesenchymal,5.93287999339262
4395,720.336518771331,412.598634812287,677.5,372.5,79,81,0.523646501880601,-50.8870224103986,4746,0,74.8056668916937,0.686826066572902,266.104,720.170744794887,412.60935921589,0.94198528091246,11,0.0025028441410694,Mesenchymal,16.5160989688242
1778,711.92575928009,891.361642294713,681.5,864.5,56,58,0.8856277994121,-54.3929763642365,2241,1,47.5796165446835,0.547413793103448,206.905,711.91603011823,891.235609759783,0.950375349212058,6,0.00337457817772778,Mesenchymal,8.59331577293927
590,706.461016949153,79.7,694.5,62.5,25,36,0.846473202314984,72.4486883281715,654,1,27.4082347369134,0.655555555555556,97.54,706.465923024219,79.7466288335931,0.95772713806778,1,0.00169491525423729,Mesenchymal,6.0488004921058
25996,813.011886444068,467.588590552393,720.5,342.5,184,255,0.896551284016975,67.8346009981144,32301,-7,181.931677299296,0.554049445865303,1019.182,812.740264791611,467.604227376311,0.935960516488181,32,0.00123095860901677,Mesenchymal,25.5067299069254
4395,895.632764505119,557.250056882821,852.5,517.5,86,78,0.415249918607821,-32.4589639760889,5040,0,74.8056668916937,0.655187835420394,283.334,895.505871908105,557.467463541357,0.938154149033361,11,0.0025028441410694,Mesenchymal,15.5117282076983
6203,1249.66274383363,357.562792197324,1204.5,313.5,95,93,0.402096095709408,-15.3324272721862,6542,1,88.8701575107877,0.702093944538766,309.408,1249.50527526535,357.66042247313,0.934714689553012,10,0.0016121231662099,Mesenchymal,20.0479625607612
4831,1292.95590974953,223.161664251708,1249.5,186.5,81,88,0.514043766984168,-33.7118805475629,5451,0,78.4284402536195,0.677749719416386,317.676,1292.72275505374,223.338745550812,0.939347509407748,9,0.0018629683295384,Mesenchymal,15.2073181480502
2577,1312.20450135817,502.767947225456,1279.5,467.5,51,79,0.836806925824131,-78.4835283389725,2945,1,57.2812212403202,0.639612807148176,226.794,1312.12611464141,502.895994096558,0.940798042914847,5,0.00194024058983314,Mesenchymal,11.3627344638747
212,1294,530.5,1285.5,522.5,17,16,0.309657873452585,0,212,1,16.4294486664603,0.779411764705882,48.952,1293.97818217864,530.514063749225,0.967381315724712,1,0.00471698113207547,Mesenchymal,4.33077300212453
2213,1315.50158156349,842.394487121554,1294.5,805.5,36,84,0.88564374736033,-83.1248672881451,2352,1,53.0818152713235,0.731812169312169,209.632,1315.41058558771,842.516109088296,0.938617681172883,1,0.000451875282422052,Mesenchymal,10.5565944130667
5266,32.9468287124953,113.296999620205,0.5,62.5,67,106,0.734536554993699,-75.1569009163277,5644,1,81.8833282333795,0.741481272880879,313.4,32.9486955610316,113.640258323164,0.878321227832606,1,0.000189897455374098,Mesenchymal,16.80280791321
79660,174.224039668592,429.635074064775,0.5,192.5,417,454,0.749870700801537,-37.5029944455813,117695,-6,318.474900319638,0.420773513347912,2288.486,173.589958030917,430.38032085828,0.883407306658098,32,0.000401707255837309,Mesenchymal,34.809039688248
1160,18.1008620689655,904.973275862069,0.5,885.5,39,35,0.613955975218995,-29.4566644654074,1200,1,38.4312096074634,0.84981684981685,132.603,18.3813381401949,904.601645074315,0.876664675291115,1,0.000862068965517241,Mesenchymal,8.74791671379984
6315,92.7178147268409,687.981314330958,43.5,645.5,99,84,0.584796031401556,-17.0158842503613,6582,1,89.6688782410182,0.759379509379509,303.998,92.295166314996,688.140856541217,0.890803600273302,1,0.000158353127474268,Mesenchymal,20.7731629813354
414,164.5,731,153.5,719.5,22,23,0.274722336161179,90,418,1,22.9591195719774,0.818181818181818,68.8,164.478899325227,731.004762993073,0.943660025255397,1,0.00241545893719807,Mesenchymal,6.01744186046511
4500,201.123111111111,42.1211111111111,160.5,7.5,81,68,0.531334031461418,2.37226156235794,4597,1,75.6939756606048,0.816993464052288,241.44,200.802383232696,42.3768781722373,0.877898547497498,1,0.000222222222222222,Mesenchymal,18.6381709741551
4430,243.054176072235,111.795033860045,202.5,76.5,81,67,0.576393783642146,12.0343069430863,4538,1,75.1029372473326,0.816288925741662,245.088,242.795657385766,111.893375700513,0.897740361747202,1,0.000225733634311512,Mesenchymal,18.0751403577491
78285,518.483438717507,277.321939068787,238.5,134.5,525,266,0.920885642483935,-0.350798575263353,103101,-6,315.714361028434,0.560580021482277,1803.354,517.983267227797,277.960168629961,0.880089493441426,21,0.00026825062272466,Mesenchymal,43.4107779171477
138578,502.75945676803,651.830615249174,239.5,393.5,563,527,0.752774735548386,40.7057656645654,204425,-12,420.051175013604,0.467062800597234,2350.215,503.080621029693,650.66807671275,0.892652487733607,47,0.000339159173894846,Mesenchymal,58.9639671264118
225,368,110,359.5,101.5,17,17,0.2300011108035,90,227,1,16.9256875064327,0.778546712802768,50.184,368.021018558761,109.997353510397,0.969659743499516,1,0.00444444444444444,Mesenchymal,4.48350071736011
200,436,861.5,428.5,853.5,15,16,0.330532855407654,90,200,1,15.9576912160573,0.833333333333333,47.248,436.005157322143,861.497794348089,0.958470628968076,1,0.005,Mesenchymal,4.23298340670505
200,442,108.5,434.5,100.5,15,16,0.330532855407654,90,200,1,15.9576912160573,0.833333333333333,47.248,441.99891584769,108.499768196069,0.967964334239531,1,0.005,Mesenchymal,4.23298340670505
234,452.717948717949,9.5,444.5,0.5,17,18,0.304252259643078,90,234,1,17.2608821752548,0.764705882352941,51.764,452.712791992467,9.5037866151323,0.964084561972476,1,0.00427350427350427,Mesenchymal,4.52051618885712
3064,542.901762402089,22.5558093994778,506.5,0.5,76,51,0.704959937614518,2.95494752172004,3125,1,62.4596346856795,0.790505675954592,211.543,542.916123886049,22.8655616622464,0.894949469110446,1,0.000326370757180157,Mesenchymal,14.4840528875926
238,597.987394957983,113.714285714286,589.5,105.5,17,17,0.139856602491067,16.877122191969,239,1,17.407785949022,0.823529411764706,51.838,598.006133786172,113.737212161539,0.955579403489724,1,0.00420168067226891,Mesenchymal,4.59122651336857
377,619.657824933687,82.2281167108753,607.5,73.5,25,18,0.710476988834308,1.60343777736938,386,1,21.9091603756318,0.837777777777778,70.744,619.677432416819,82.219006021768,0.957846567316741,2,0.00530503978779841,Mesenchymal,5.3290738437182
227,616,810,607.5,801.5,17,17,0.186558378759873,-20.5560452195834,228,1,17.0007463558187,0.785467128027682,50.548,616.016423400406,810.002278225067,0.963168355865401,1,0.00440528634361234,Mesenchymal,4.49078103980375
5765,674.026366001735,24.1975715524718,613.5,0.5,141,57,0.900354462924036,7.44987332906929,5986,0,85.6751187650079,0.717307453029737,338.208,673.529174616106,24.4679124321988,0.898500438647922,3,0.000520381613183001,Mesenchymal,17.0457233418488
5575,708.128968609866,427.737219730942,664.5,384.5,87,85,0.428166008850829,-45.7239187900784,5759,1,84.2514715711158,0.753887762001352,275.192,707.712762919531,428.040308433891,0.890190660961702,1,0.000179372197309417,Mesenchymal,20.2585830983459
5405,766.3467160037,818.330249768733,726.5,772.5,79,88,0.467155817831332,70.5413633212076,5526,1,82.9569752298958,0.777474108170311,265.582,766.091365613209,818.641148511767,0.881738326772448,2,0.000370027752081406,Mesenchymal,20.3515298476553
92157,947.166465922285,262.051542476426,758.5,0.5,380,464,0.706949794691479,63.6690595631064,113736,-10,342.546254868096,0.522669010889292,1940.044,946.752257382903,262.464547126374,0.88456073092277,38,0.000412339811408792,Mesenchymal,47.5025308704339
221,776.511312217195,474.307692307692,768.5,465.5,16,17,0.290426318535549,86.5360067854797,221,1,16.7745622710839,0.8125,49.878,776.509751349895,474.302328917776,0.965838866281746,1,0.00452488687782805,Mesenchymal,4.43081117927744
414,903.731884057971,581.140096618357,888.5,571.5,30,20,0.865593542087454,-16.2385145069939,457,1,22.9591195719774,0.69,81.14,903.687897018269,581.112427978126,0.960273174131065,1,0.00241545893719807,Mesenchymal,5.10229233423712
211,911.369668246445,842.630331753555,903.5,834.5,16,16,0.279514913458234,-45.000000000001,211,1,16.3906541644658,0.82421875,48.654,911.366075559059,842.632680540949,0.965477129453775,1,0.004739336492891,Mesenchymal,4.33674518025239
35245,1087.53397645056,587.225592282593,917.5,440.5,279,353,0.847761827449054,-45.7137729715594,58583,-3,211.837975240963,0.357864489729609,1465.94,1087.30037612026,587.680128472112,0.891214491084999,5,0.000141864094197759,Mesenchymal,24.0425938305797
212,992,699.5,983.5,691.5,17,16,0.309657873452585,0,212,1,16.4294486664603,0.779411764705882,48.952,992.007520238336,699.515246960507,0.959597465658482,1,0.00471698113207547,Mesenchymal,4.33077300212453
229,998,746,989.5,737.5,17,17,0,0,229,1,17.0754752714047,0.792387543252595,50.912,997.990635752676,745.995519776121,0.964826991612835,1,0.00436681222707424,Mesenchymal,4.49795725958517
5855,1103.7024765158,890.133731853117,1030.5,848.5,122,72,0.758462193315184,18.1265955189714,6322,1,86.3412852256924,0.666552823315118,332.271,1103.09067356307,890.281035808311,0.88744623969375,0,0,Mesenchymal,17.621158632562
18399,1141.47850426654,102.968748301538,1053.5,16.5,143,214,0.83997890565009,-64.407095199042,22380,-4,153.056637829211,0.601235213384746,816.271,1141.54119509178,104.230521485138,0.901158436244897,6,0.000326104679602152,Mesenchymal,22.5403083044724
2995,1177.21202003339,298.95959933222,1150.5,258.5,46,87,0.838880054795026,-84.990890449028,3128,0,61.7523476191943,0.748375812093953,226.347,1176.95052157838,299.07832887649,0.90846123565411,2,0.000667779632721202,Mesenchymal,13.2318961594366
388,1192.62886597938,873,1188.5,847.5,8,51,0.986758286050166,90,388,1,22.2264919264657,0.950980392156863,106.742,1192.38279901491,873.018685709962,0.907941938067697,0,0,Mesenchymal,3.63493282868974
